11111111111
22222222222
3333333333333
4444444444
55555555
66666666666666
777777777777
88888
999999
10

22
3
4444
555
6666
7
8
999
10
11
13
1414
15
1818
20
21
2222
2525
26
272727
2929
3030
33
3434
363
737
39
4242
444444
45
5050
51
52
54
5656
5757
63
64
6565
6666666666
69
73
75
76
77
79
80
81
8484
8787
89
9191
92
93
999999

22
44
6
777
888
999
12
13
17
2020
43
50
82
100
110
111
134
150
173
175
187
194
199
209
222
223
227
240
275
282
313
333
386
390
391
392
420
432
432
444444
475
513
543
562
567
587
599
600
613
643
654
666666666666666666666
679
696
699
725
727
742
756
771
777
785
794
798
827
886
888
895
896
937
968
981
999999999
1000
