
1 1 1 1 1 1 1 1 1 1 1
2 2 2 2 2 2 2 2 2 2 2 2
3 3 3 3 3 3 3 3 3 3 3 3 3 3
4 4 4 4 4 4 4 4 4 4 4
5 5 5 5 5 5 5 5 5 5
6 6 6 6 6 6 6 6 6 6 6 6 6 6
7 7 7 7 7 7 7 7 7 7 7 7 7 7
8 8 8 8 8 8
9 9 9 9 9 9 9 9
10
--------------------
2 2
3
4 4 4 4
5 5 5
6 6 6 6
7
8
9 9 9
10
11
13
14 14
15
18 18
20
21
22 22
25 25
26
27 27 27 27
29 29
30 30
33
34 34
36
37 37 37 37
39
42 42
43
44 44 44
45 45
49
50 50
51
52
54
56 56
57 57
63
64
65 65
66 66 66 66 66
67
69
73
75 75
76
77
79
80
81
82
83
84 84
87 87
89
91 91
92
93
99 99 99
--------------------
2 2
4 4
6
7 7 7
8 8 8
9 9 9
12
13
17
20 20
43
50
82
100
110
111
134
150
173
175
187
194
199
209
222
223
227
240
273
275
282
313
333
367
386
387
389
390
391
392
420
432 432
434
444 444
475
513
543
562
567
587
599
600
613
621
624
643
654
666 666 666 666 666 666 666
679
696
699
725
727
742
753
756
771
777
785
794
798
827
886
888
895
896
897
937
967
968
981
999 999 999
1000
